12	64972	5517	1	0
16	64972	7743	1	0
34	64972	7985	1	0
17	64972	3543	1	0
33	64972	5494	1	0
26	64972	8723	1	0
47	64972	8599	1	0
1	64972	5557	1	0
42	64972	2478	1	0
49	64972	8794	1	0
39	64972	11551	1	0
34	64972	8560	1	0
10	64972	13346	1	0
34	64972	12737	1	0
9	64972	8946	1	0
2	64972	6774	1	0
17	64972	7558	1	0
47	64972	7359	1	0
40	64972	7551	1	0
39	64972	5544	1	0
1	64972	4607	1	0
31	64972	3660	1	0
32	64972	5299	1	0
27	64972	8956	1	0
17	64972	3452	1	0
13	64972	16521	1	0
31	64972	14573	1	0
39	64972	13251	1	0
41	64972	4236	1	0
43	64972	5847	1	0
22	64972	4797	1	0
28	64972	10722	1	0
7	64972	6806	1	0
3	64972	8005	1	0
11	64972	6195	1	0
11	64972	7780	1	0
2	64972	5729	1	0
46	64972	7480	1	0
9	64972	2756	1	0
31	64972	11668	1	0
45	64972	8783	1	0
1	64972	8909	1	0
44	64972	8927	1	0
38	64972	2299	1	0
29	64972	2765	1	0
11	64972	6817	1	0
41	64972	2265	1	0
36	64972	2507	1	0
46	64972	6194	1	0
4	64972	13931	1	0
15	64972	10951	1	0
18	64972	16448	1	0
19	64972	3178	1	0
12	64972	4993	1	0
35	64972	7765	1	0
48	64972	2579	1	0
8	64972	11704	1	0
28	64972	4542	1	0
3	64972	6123	1	0
2	64972	4675	1	0
42	64972	4337	1	0
36	64972	6160	1	0
31	64972	3890	1	0
36	64972	3538	1	0
41	64972	5683	1	0
3	64972	3894	1	0
29	64972	8610	1	0
8	64972	10775	1	0
17	64972	13675	1	0
1	64972	16741	1	0
3	64972	16733	1	0
29	64972	13449	1	0
20	64972	4920	1	0
14	64972	17133	1	0
18	64972	9648	1	0
1	64972	17315	1	0
12	64972	7150	1	0
45	64972	11368	1	0
1	64972	10975	1	0
33	64972	13403	1	0
43	64972	8067	1	0
22	64972	6016	1	0
32	64972	10974	1	0
23	64972	4219	1	0
20	64972	6095	1	0
25	64972	7097	1	0
10	64972	3500	1	0
17	64972	5857	1	0
35	64972	9425	1	0
26	64972	7901	1	0
7	64972	2994	1	0
13	64972	7749	1	0
45	64972	6241	1	0
18	64972	2747	1	0
27	64972	9996	1	0
44	64972	5042	1	0
29	64972	7157	1	0
48	64972	4899	1	0
33	64972	7736	1	0
34	64972	5576	1	0
50	64972	13576	1	0
44	64972	15682	1	0
10	64972	5940	1	0
7	64972	5749	1	0
16	64972	12457	1	0
1	64972	9163	1	0
21	64972	9068	1	0
23	64972	15440	1	0
39	64972	15350	1	0
42	64972	9790	1	0
35	64972	4636	1	0
8	64972	3874	1	0
16	64972	9229	1	0
30	64972	6207	1	0
8	64972	6699	1	0
20	64972	3575	1	0
49	64972	11665	1	0
41	64972	3333	1	0
6	64972	8019	1	0
50	64972	3173	1	0
24	64972	1938	1	0
6	64972	3872	1	0
19	64972	3548	1	0
36	64972	4552	1	0
33	64972	3656	1	0
25	64972	3357	1	0
7	64972	15983	1	0
34	64972	4269	1	0
40	64972	9558	1	0
30	64972	5310	1	0
33	64972	13514	1	0
25	64972	7215	1	0
7	64972	33371	1	0
43	64972	13394	1	0
26	64972	6534	1	0
50	64972	7215	1	0
8	64972	9441	1	0
22	64972	6059	1	0
10	64972	4274	1	0
21	64972	5494	1	0
39	64972	3207	1	0
9	64972	7424	1	0
12	64972	6122	1	0
50	64972	5932	1	0
13	64972	8989	1	0
31	64972	5040	1	0
22	64972	14426	1	0
46	64972	13378	1	0
49	64972	3471	1	0
45	64972	4164	1	0
36	64972	4263	1	0
2	64972	2907	1	0
46	64972	4657	1	0
11	64972	8840	1	0
20	64972	3842	1	0
14	64972	9055	1	0
34	64972	3205	1	0
18	64972	15159	1	0
21	64972	12187	1	0
25	64972	21271	1	0
28	64972	20384	1	0
6	64972	8438	1	0
22	64972	11273	1	0
11	64972	10817	1	0
26	64972	10751	1	0
16	64972	11413	1	0
18	64972	5453	1	0
44	64972	11171	1	0
31	64972	15207	1	0
41	64972	18295	1	0
42	64972	3434	1	0
35	64972	9279	1	0
7	64972	8828	1	0
43	64972	7851	1	0
37	64972	11580	1	0
19	64972	13333	1	0
31	64972	23365	1	0
11	64972	3592	1	0
39	64972	13627	1	0
38	64972	10535	1	0
20	64972	4890	1	0
10	64972	5738	1	0
4	64972	10685	1	0
1	64972	6302	1	0
24	64972	15557	1	0
30	64972	6840	1	0
26	64972	9579	1	0
28	64972	21591	1	0
46	64972	18600	1	0
42	64972	13101	1	0
28	64972	30395	1	0
20	64972	7408	1	0
7	64972	9009	1	0
43	64972	5032	1	0
40	64972	6997	1	0
25	64972	13359	1	0
7	64972	18984	1	0
44	64972	9787	1	0
33	64972	5199	1	0
2	64972	5441	1	0
47	64972	3461	1	0
11	64972	3479	1	0
35	64972	7506	1	0
46	64972	3039	1	0
45	64972	9611	1	0
15	64972	13621	1	0
27	64972	9801	1	0
44	64972	6847	1	0
14	64972	6470	1	0
31	64972	3594	1	0
22	64972	3981	1	0
48	64972	5216	1	0
18	64972	4069	1	0
28	64972	4180	1	0
35	64972	3814	1	0
30	64972	6158	1	0
11	64972	3541	1	0
45	64972	4014	1	0
3	64972	9067	1	0
35	64972	3700	1	0
11	64972	3826	1	0
26	64972	8760	1	0
5	64972	11218	1	0
2	64972	4007	1	0
38	64972	6136	1	0
2	64972	7436	1	0
26	64972	3131	1	0
26	64972	9682	1	0
30	64972	4100	1	0
16	64972	4378	1	0
41	64972	3008	1	0
2	64972	5196	1	0
39	64972	7991	1	0
38	64972	7899	1	0
22	64972	4994	1	0
38	64972	5325	1	0
2	64972	4625	1	0
18	64972	3809	1	0
44	64972	7527	1	0
45	64972	4003	1	0
38	64972	2454	1	0
22	64972	9550	1	0
33	64972	2919	1	0
26	64972	11147	1	0
4	64972	12903	1	0
15	64972	6923	1	0
22	64972	3742	1	0
44	64972	5281	1	0
9	64972	5962	1	0
30	64972	9638	1	0
36	64972	2439	1	0
27	64972	5246	1	0
42	64972	2619	1	0
6	64972	6888	1	0
31	64972	2011	1	0
27	64972	2759	1	0
10	64972	7484	1	0
43	64972	14185	1	0
4	64972	23005	1	0
39	64972	6132	1	0
18	64972	7095	1	0
31	64972	3270	1	0
41	64972	11358	1	0
43	64972	6965	1	0
6	64972	4621	1	0
16	64972	7191	1	0
48	64972	4648	1	0
14	64972	2695	1	0
17	64972	7811	1	0
22	64972	5097	1	0
14	64972	13182	1	0
45	64972	7192	1	0
46	64972	3266	1	0
7	64972	11341	1	0
14	64972	22691	1	0
45	64972	10701	1	0
37	64972	6307	1	0
19	64972	10060	1	0
29	64972	12172	1	0
38	64972	9009	1	0
30	64972	15158	1	0
48	64972	9226	1	0
26	64972	13589	1	0
5	64972	12047	1	0
13	64972	10413	1	0
28	64972	11398	1	0
50	64972	11069	1	0
33	64972	9007	1	0
12	64972	5116	1	0
26	64972	7795	1	0
49	64972	1908	1	0
15	64972	16627	1	0
1	64972	12225	1	0
48	64972	5518	1	0
11	64972	11530	1	0
15	64972	27029	1	0
18	64972	11526	1	0
24	64972	8904	1	0
48	64972	3663	1	0
11	64972	6676	1	0
2	64972	9624	1	0
5	64972	4224	1	0
11	64972	10648	1	0
43	64972	4017	1	0
45	64972	12694	1	0
30	64972	13573	1	0
5	64972	4211	1	0
39	64972	10586	1	0
34	64972	12595	1	0
13	64972	9653	1	0
41	64972	5118	1	0
8	64972	8052	1	0
7	64972	6403	1	0
18	64972	4054	1	0
5	64972	3039	1	0
23	64972	5573	1	0
41	64972	3895	1	0
10	64972	6388	1	0
30	64972	5518	1	0
45	64972	8786	1	0
5	64972	5709	1	0
11	64972	7133	1	0
9	64972	4813	1	0
39	64972	5242	1	0
34	64972	6251	1	0
30	64972	4579	1	0
14	64972	7498	1	0
45	64972	10509	1	0
18	64972	6014	1	0
26	64972	3091	1	0
27	64972	11813	1	0
15	64972	6782	1	0
17	64972	14880	1	0
3	64972	12394	1	0
35	64972	10024	1	0
48	64972	4838	1	0
33	64972	13675	1	0
8	64972	4666	1	0
10	64972	20794	1	0
4	64972	7248	1	0
45	64972	22259	1	0
16	64972	3822	1	0
22	64972	13747	1	0
32	64972	10705	1	0
12	64972	7071	1	0
26	64972	3750	1	0
14	64972	5986	1	0
18	64972	17501	1	0
40	64972	17402	1	0
12	64972	8173	1	0
38	64972	6288	1	0
40	64972	25398	1	0
48	64972	4627	1	0
33	64972	6464	1	0
7	64972	8235	1	0
40	64972	5222	1	0
23	64972	9871	1	0
10	64972	4000	1	0
38	64972	12702	1	0
41	64972	13500	1	0
48	64972	12010	1	0
39	64972	5475	1	0
18	64972	4437	1	0
36	64972	11585	1	0
33	64972	10689	1	0
22	64972	7728	1	0
21	64972	11573	1	0
12	64972	5066	1	0
33	64972	4221	1	0
5	64972	5357	1	0
20	64972	5200	1	0
9	64972	5473	1	0
31	64972	5394	1	0
45	64972	7509	1	0
39	64972	7626	1	0
48	64972	2438	1	0
49	64972	7363	1	0
47	64972	7843	1	0
11	64972	8861	1	0
3	64972	3834	1	0
40	64972	5199	1	0
17	64972	6183	1	0
21	64972	7611	1	0
27	64972	3394	1	0
43	64972	9233	1	0
6	64972	5886	1	0
37	64972	12500	1	0
2	64972	11130	1	0
12	64972	12145	1	0
36	64972	8895	1	0
12	64972	20406	1	0
10	64972	6406	1	0
4	64972	5877	1	0
15	64972	8898	1	0
13	64972	16498	1	0
30	64972	10314	1	0
33	64972	19518	1	0
8	64972	6509	1	0
33	64972	23792	1	0
6	64972	5535	1	0
18	64972	7049	1	0
33	64972	10600	1	0
10	64972	13149	1	0
18	64972	9905	1	0
48	64972	12321	1	0
36	64972	2755	1	0
48	64972	2723	1	0
31	64972	8186	1	0
38	64972	7197	1	0
41	64972	7995	1	0
26	64972	9167	1	0
27	64972	8889	1	0
14	64972	6978	1	0
16	64972	2550	1	0
9	64972	5409	1	0
21	64972	4175	1	0
48	64972	3125	1	0
33	64972	18961	1	0
25	64972	20662	1	0
50	64972	16875	1	0
36	64972	7409	1	0
35	64972	7130	1	0
48	64972	1945	1	0
15	64972	12872	1	0
28	64972	8911	1	0
27	64972	6624	1	0
4	64972	3710	1	0
6	64972	8251	1	0
37	64972	1865	1	0
33	64972	3441	1	0
31	64972	6769	1	0
1	64972	3937	1	0
10	64972	5212	1	0
15	64972	10042	1	0
31	64972	2149	1	0
40	64972	4549	1	0
11	64972	8089	1	0
14	64972	5708	1	0
17	64972	6824	1	0
24	64972	8601	1	0
36	64972	2092	1	0
11	64972	20371	1	0
23	64972	8065	1	0
26	64972	18874	1	0
17	64972	4516	1	0
47	64972	16316	1	0
44	64972	16817	1	0
19	64972	6822	1	0
21	64972	16707	1	0
48	64972	16657	1	0
33	64972	18494	1	0
20	64972	17790	1	0
50	64972	4449	1	0
37	64972	19502	1	0
19	64972	11255	1	0
38	64972	16623	1	0
42	64972	15877	1	0
33	64972	17104	1	0
10	64972	7653	1	0
31	64972	3019	1	0
43	64972	7030	1	0
6	64972	3685	1	0
30	64972	5572	1	0
36	64972	9895	1	0
21	64972	10914	1	0
35	64972	3617	1	0
11	64972	16743	1	0
45	64972	19215	1	0
37	64972	7821	1	0
41	64972	10435	1	0
25	64972	11079	1	0
11	64972	15811	1	0
6	64972	3259	1	0
29	64972	4461	1	0
41	64972	14376	1	0
12	64972	4429	1	0
15	64972	6675	1	0
44	64972	6324	1	0
2	64972	12789	1	0
12	64972	4804	1	0
15	64972	11048	1	0
23	64972	12816	1	0
2	64972	21638	1	0
7	64972	4874	1	0
15	64972	10599	1	0
18	64972	3100	1	0
44	64972	7817	1	0
11	64972	8405	1	0
27	64972	7510	1	0
44	64972	16557	1	0
27	64972	7666	1	0
43	64972	4506	1	0
42	64972	7613	1	0
18	64972	7857	1	0
24	64972	6234	1	0
26	64972	7181	1	0
46	64972	8201	1	0
6	64972	8247	1	0
12	64972	3154	1	0
7	64972	9568	1	0
49	64972	11575	1	0
43	64972	7592	1	0
6	64972	9245	1	0
5	64972	5176	1	0
17	64972	6040	1	0
22	64972	19326	1	0
21	64972	7171	1	0
2	64972	7797	1	0
28	64972	10023	1	0
46	64972	10033	1	0
8	64972	10328	1	0
20	64972	6208	1	0
7	64972	2279	1	0
30	64972	5305	1	0
5	64972	3943	1	0
9	64972	10460	1	0
21	64972	4225	1	0
2	64972	11851	1	0
11	64972	7195	1	0
8	64972	3891	1	0
17	64972	3790	1	0
29	64972	6444	1	0
30	64972	5709	1	0
8	64972	4201	1	0
38	64972	10445	1	0
32	64972	10794	1	0
35	64972	6372	1	0
42	64972	2817	1	0
5	64972	2478	1	0
34	64972	4376	1	0
19	64972	9492	1	0
44	64972	6069	1	0
9	64972	8749	1	0
40	64972	10388	1	0
40	64972	4103	1	0
10	64972	4314	1	0
48	64972	3919	1	0
37	64972	5873	1	0
48	64972	4313	1	0
47	64972	4002	1	0
18	64972	7859	1	0
21	64972	9887	1	0
48	64972	7837	1	0
8	64972	2962	1	0
12	64972	8651	1	0
10	64972	16650	1	0
5	64972	11823	1	0
50	64972	9727	1	0
31	64972	5289	1	0
38	64972	6300	1	0
42	64972	16553	1	0
36	64972	28899	1	0
21	64972	28919	1	0
25	64972	10002	1	0
23	64972	9844	1	0
39	64972	7754	1	0
35	64972	12319	1	0
25	64972	23267	1	0
8	64972	14111	1	0
14	64972	9604	1	0
17	64972	4720	1	0
13	64972	12789	1	0
42	64972	16710	1	0
48	64972	18802	1	0
8	64972	16926	1	0
27	64972	6906	1	0
13	64972	2904	1	0
16	64972	4405	1	0
1	64972	7111	1	0
39	64972	32167	1	0
25	64972	5113	1	0
17	64972	40286	1	0
17	64972	11854	1	0
26	64972	5331	1	0
17	64972	22971	1	0
39	64972	12975	1	0
50	64972	7986	1	0
44	64972	15091	1	0
22	64972	4837	1	0
17	64972	13824	1	0
24	64972	2601	1	0
14	64972	5706	1	0
1	64972	3322	1	0
20	64972	5346	1	0
44	64972	8516	1	0
31	64972	4552	1	0
12	64972	6009	1	0
27	64972	12860	1	0
4	64972	7946	1	0
13	64972	14566	1	0
3	64972	17556	1	0
38	64972	15529	1	0
21	64972	14767	1	0
33	64972	3852	1	0
2	64972	19095	1	0
10	64972	18108	1	0
6	64972	17888	1	0
39	64972	18013	1	0
1	64972	8082	1	0
13	64972	37084	1	0
44	64972	13101	1	0
29	64972	22216	1	0
21	64972	22570	1	0
32	64972	14244	1	0
48	64972	24068	1	0
2	64972	24444	1	0
4	64972	18819	1	0
16	64972	16391	1	0
41	64972	16020	1	0
42	64972	6158	1	0
36	64972	12982	1	0
11	64972	8262	1	0
12	64972	5077	1	0
11	64972	15407	1	0
8	64972	8103	1	0
17	64972	34496	1	0
39	64972	51500	1	0
37	64972	10563	1	0
35	64972	8756	1	0
33	64972	7706	1	0
23	64972	16694	1	0
43	64972	6938	1	0
36	64972	6148	1	0
38	64972	4219	1	0
36	64972	6576	1	0
30	64972	7069	1	0
44	64972	3442	1	0
14	64972	8064	1	0
18	64972	8579	1	0
36	64972	8727	1	0
11	64972	7006	1	0
27	64972	6115	1	0
9	64972	3264	1	0
25	64972	10551	1	0
23	64972	8393	1	0
28	64972	12232	1	0
49	64972	5334	1	0
39	64972	4590	1	0
24	64972	5364	1	0
38	64972	3219	1	0
41	64972	19017	1	0
36	64972	4259	1	0
32	64972	6952	1	0
27	64972	19609	1	0
10	64972	13334	1	0
8	64972	5363	1	0
10	64972	3491	1	0
45	64972	6295	1	0
29	64972	10490	1	0
22	64972	13372	1	0
40	64972	15378	1	0
20	64972	6336	1	0
6	64972	6378	1	0
37	64972	1992	1	0
31	64972	12192	1	0
35	64972	7860	1	0
46	64972	5393	1	0
27	64972	14096	1	0
15	64972	17064	1	0
14	64972	3761	1	0
23	64972	6547	1	0
23	64972	4117	1	0
36	64972	1997	1	0
23	64972	5390	1	0
5	64972	3105	1	0
39	64972	2979	1	0
19	64972	11104	1	0
32	64972	13101	1	0
25	64972	10059	1	0
18	64972	5631	1	0
27	64972	2880	1	0
5	64972	5194	1	0
37	64972	5562	1	0
32	64972	3728	1	0
25	64972	6686	1	0
37	64972	9359	1	0
38	64972	9895	1	0
23	64972	7941	1	0
28	64972	12283	1	0
46	64972	6293	1	0
4	64972	10506	1	0
16	64972	5768	1	0
37	64972	3784	1	0
24	64972	15706	1	0
29	64972	5724	1	0
21	64972	5078	1	0
11	64972	13340	1	0
46	64972	17331	1	0
10	64972	3183	1	0
49	64972	7011	1	0
4	64972	21846	1	0
44	64972	18515	1	0
9	64972	25195	1	0
32	64972	5577	1	0
35	64972	5587	1	0
11	64972	34713	1	0
49	64972	12209	1	0
9	64972	17109	1	0
31	64972	5021	1	0
41	64972	7109	1	0
22	64972	13090	1	0
33	64972	16459	1	0
14	64972	10895	1	0
15	64972	14914	1	0
19	64972	9573	1	0
29	64972	5685	1	0
11	64972	8737	1	0
8	64972	15433	1	0
46	64972	14298	1	0
14	64972	2515	1	0
40	64972	9365	1	0
11	64972	21904	1	0
20	64972	5906	1	0
15	64972	13999	1	0
34	64972	6131	1	0
32	64972	7659	1	0
43	64972	5579	1	0
48	64972	6058	1	0
9	64972	7165	1	0
42	64972	3947	1	0
45	64972	8239	1	0
47	64972	4579	1	0
42	64972	8915	1	0
7	64972	2215	1	0
21	64972	4330	1	0
32	64972	9004	1	0
48	64972	5828	1	0
2	64972	2204	1	0
27	64972	3069	1	0
45	64972	6012	1	0
22	64972	1838	1	0
36	64972	3803	1	0
45	64972	10971	1	0
29	64972	3166	1	0
41	64972	5080	1	0
22	64972	6061	1	0
30	64972	15818	1	0
32	64972	12611	1	0
23	64972	4856	1	0
7	64972	4208	1	0
22	64972	16180	1	0
32	64972	17137	1	0
1	64972	7214	1	0
41	64972	11680	1	0
4	64972	8533	1	0
21	64972	5511	1	0
15	64972	7687	1	0
47	64972	2019	1	0
16	64972	6497	1	0
18	64972	4538	1	0
1	64972	14205	1	0
24	64972	18460	1	0
25	64972	10352	1	0
8	64972	20196	1	0
20	64972	17072	1	0
17	64972	3691	1	0
47	64972	25492	1	0
19	64972	18511	1	0
32	64972	11508	1	0
48	64972	11332	1	0
15	64972	4259	1	0
34	64972	6391	1	0
13	64972	6449	1	0
29	64972	15580	1	0
40	64972	19807	1	0
8	64972	6459	1	0
15	64972	13831	1	0
40	64972	6663	1	0
8	64972	16315	1	0
41	64972	3636	1	0
33	64972	5282	1	0
8	64972	21272	1	0
14	64972	5765	1	0
34	64972	2915	1	0
13	64972	2973	1	0
41	64972	5439	1	0
46	64972	14667	1	0
46	64972	4257	1	0
22	64972	2600	1	0
5	64972	6402	1	0
44	64972	6817	1	0
42	64972	5722	1	0
46	64972	6532	1	0
10	64972	8384	1	0
6	64972	10683	1	0
15	64972	10700	1	0
5	64972	21614	1	0
17	64972	7479	1	0
38	64972	11390	1	0
33	64972	11151	1	0
25	64972	13851	1	0
33	64972	11409	1	0
21	64972	6590	1	0
8	64972	2963	1	0
42	64972	3740	1	0
15	64972	8057	1	0
37	64972	6655	1	0
6	64972	5272	1	0
6	64972	3812	1	0
39	64972	7937	1	0
11	64972	4060	1	0
2	64972	10007	1	0
14	64972	3386	1	0
40	64972	2236	1	0
14	64972	13315	1	0
45	64972	8325	1	0
13	64972	5935	1	0
8	64972	6650	1	0
12	64972	15339	1	0
43	64972	13453	1	0
17	64972	6175	1	0
39	64972	7180	1	0
38	64972	11088	1	0
36	64972	5967	1	0
21	64972	15986	1	0
19	64972	5251	1	0
38	64972	12619	1	0
34	64972	5031	1	0
19	64972	15148	1	0
29	64972	7259	1	0
22	64972	10471	1	0
32	64972	15429	1	0
43	64972	15349	1	0
44	64972	10623	1	0
19	64972	25627	1	0
33	64972	11035	1	0
46	64972	3321	1	0
14	64972	4538	1	0
13	64972	10156	1	0
35	64972	6201	1	0
48	64972	5015	1	0
12	64972	8259	1	0
20	64972	10006	1	0
45	64972	16575	1	0
15	64972	10585	1	0
17	64972	22191	1	0
34	64972	16203	1	0
24	64972	22489	1	0
29	64972	23507	1	0
21	64972	21861	1	0
11	64972	26123	1	0
42	64972	5028	1	0
31	64972	3881	1	0
45	64972	6996	1	0
46	64972	8070	1	0
8	64972	4365	1	0
42	64972	2141	1	0
28	64972	2925	1	0
43	64972	9900	1	0
35	64972	4132	1	0
27	64972	10779	1	0
38	64972	9620	1	0
40	64972	5730	1	0
22	64972	7431	1	0
30	64972	4189	1	0
41	64972	6433	1	0
30	64972	12467	1	0
6	64972	4711	1	0
29	64972	10913	1	0
1	64972	3908	1	0
29	64972	13040	1	0
36	64972	3515	1	0
44	64972	4787	1	0
9	64972	7467	1	0
12	64972	5163	1	0
18	64972	9333	1	0
30	64972	4272	1	0
28	64972	5036	1	0
14	64972	5262	1	0
20	64972	4362	1	0
15	64972	6455	1	0
39	64972	9068	1	0
34	64972	6078	1	0
48	64972	9881	1	0
8	64972	7006	1	0
14	64972	7499	1	0
5	64972	8431	1	0
41	64972	6717	1	0
11	64972	6538	1	0
7	64972	3016	1	0
39	64972	3282	1	0
39	64972	8857	1	0
39	64972	8432	1	0
38	64972	6340	1	0
33	64972	2103	1	0
23	64972	5091	1	0
30	64972	10763	1	0
33	64972	4967	1	0
50	64972	6327	1	0
13	64972	15907	1	0
19	64972	10928	1	0
25	64972	6337	1	0
46	64972	6476	1	0
20	64972	7077	1	0
40	64972	7431	1	0
31	64972	2420	1	0
29	64972	4178	1	0
10	64972	7902	1	0
34	64972	11293	1	0
25	64972	3231	1	0
11	64972	11963	1	0
6	64972	8411	1	0
30	64972	3298	1	0
13	64972	5622	1	0
9	64972	3319	1	0
21	64972	8084	1	0
32	64972	7263	1	0
35	64972	6273	1	0
23	64972	12509	1	0
12	64972	4199	1	0
31	64972	16539	1	0
3	64972	13578	1	0
36	64972	15187	1	0
2	64972	12830	1	0
18	64972	8014	1	0
1	64972	5681	1	0
31	64972	2733	1	0
42	64972	11277	1	0
36	64972	10100	1	0
18	64972	19221	1	0
31	64972	7396	1	0
22	64972	2782	1	0
11	64972	11326	1	0
27	64972	7432	1	0
10	64972	4156	1	0
5	64972	4330	1	0
40	64972	15928	1	0
35	64972	4909	1	0
10	64972	4705	1	0
22	64972	7782	1	0
10	64972	12997	1	0
6	64972	6296	1	0
15	64972	9314	1	0
37	64972	8911	1	0
31	64972	11111	1	0
24	64972	7988	1	0
48	64972	5746	1	0
7	64972	11652	1	0
45	64972	9351	1	0
5	64972	16274	1	0
38	64972	4483	1	0
32	64972	11832	1	0
21	64972	4271	1	0
26	64972	4884	1	0
6	64972	5949	1	0
19	64972	11625	1	0
6	64972	4074	1	0
47	64972	6422	1	0
23	64972	3550	1	0
36	64972	4432	1	0
23	64972	3823	1	0
49	64972	3194	1	0
32	64972	3412	1	0
25	64972	7370	1	0
3	64972	9491	1	0
40	64972	5853	1	0
33	64972	5217	1	0
25	64972	11918	1	0
28	64972	14031	1	0
17	64972	9663	1	0
16	64972	15685	1	0
38	64972	2236	1	0
28	64972	24553	1	0
5	64972	11001	1	0
37	64972	11364	1	0
48	64972	8804	1	0
46	64972	3224	1	0
47	64972	9081	1	0
37	64972	9038	1	0
3	64972	10177	1	0
34	64972	2842	1	0
18	64972	4798	1	0
37	64972	4466	1	0
7	64972	2111	1	0
45	64972	2812	1	0
28	64972	5864	1	0
26	64972	8405	1	0
42	64972	2926	1	0
45	64972	8218	1	0
16	64972	9780	1	0
24	64972	11197	1	0
24	64972	5919	1	0
37	64972	3930	1	0
19	64972	8683	1	0
37	64972	5209	1	0
41	64972	2823	1	0
16	64972	9231	1	0
37	64972	11246	1	0
49	64972	1912	1	0
5	64972	3974	1	0
22	64972	3561	1	0
17	64972	3551	1	0
4	64972	2710	1	0
38	64972	2172	1	0
14	64972	9144	1	0
19	64972	6821	1	0
35	64972	9846	1	0
14	64972	18007	1	0
36	64972	2104	1	0
13	64972	4328	1	0
20	64972	4349	1	0
17	64972	10969	1	0
25	64972	2918	1	0
20	64972	9068	1	0
31	64972	5256	1	0
3	64972	11295	1	0
6	64972	5348	1	0
15	64972	8938	1	0
16	64972	3491	1	0
44	64972	9248	1	0
48	64972	2524	1	0
20	64972	13955	1	0
27	64972	3656	1	0
39	64972	5162	1	0
21	64972	7586	1	0
39	64972	7800	1	0
34	64972	10809	1	0
37	64972	11864	1	0
15	64972	3530	1	0
31	64972	3637	1	0
11	64972	9863	1	0
37	64972	4388	1	0
48	64972	6828	1	0
38	64972	4626	1	0
43	64972	4348	1	0
5	64972	5394	1	0
1	64972	11758	1	0
29	64972	3891	1	0
28	64972	3325	1	0
17	64972	8468	1	0
50	64972	13483	1	0
47	64972	9270	1	0
29	64972	6816	1	0
6	64972	7733	1	0
13	64972	11350	1	0
29	64972	8481	1	0
20	64972	6952	1	0
14	64972	2165	1	0
36	64972	4262	1	0
29	64972	6070	1	0
25	64972	6946	1	0
47	64972	7353	1	0
18	64972	13210	1	0
1	64972	13877	1	0
31	64972	8930	1	0
42	64972	3473	1	0
43	64972	14662	1	0
18	64972	6291	1	0
29	64972	3547	1	0
1	64972	7541	1	0
23	64972	5257	1	0
13	64972	4659	1	0
34	64972	8227	1	0
50	64972	7230	1	0
2	64972	5221	1	0
12	64972	13236	1	0
2	64972	7930	1	0
1	64972	5215	1	0
25	64972	4642	1	0
1	64972	4315	1	0
4	64972	5442	1	0
6	64972	7445	1	0
31	64972	4568	1	0
30	64972	3007	1	0
21	64972	8688	1	0
35	64972	6391	1	0
48	64972	11205	1	0
11	64972	19217	1	0
27	64972	8323	1	0
39	64972	10829	1	0
47	64972	13626	1	0
22	64972	10804	1	0
32	64972	21761	1	0
12	64972	11127	1	0
46	64972	5864	1	0
5	64972	19302	1	0
44	64972	11717	1	0
21	64972	10606	1	0
33	64972	4692	1	0
25	64972	15392	1	0
11	64972	21124	1	0
20	64972	3126	1	0
11	64972	27305	1	0
20	64972	3307	1	0
19	64972	3488	1	0
11	64972	7072	1	0
14	64972	3691	1	0
37	64972	3308	1	0
19	64972	8061	1	0
9	64972	10738	1	0
48	64972	3891	1	0
19	64972	5906	1	0
33	64972	8314	1	0
2	64972	6557	1	0
37	64972	3840	1	0
17	64972	7034	1	0
47	64972	9834	1	0
32	64972	9265	1	0
34	64972	5876	1	0
10	64972	7662	1	0
43	64972	8362	1	0
10	64972	5823	1	0
14	64972	2774	1	0
7	64972	4345	1	0
45	64972	6044	1	0
21	64972	4012	1	0
46	64972	7680	1	0
49	64972	4774	1	0
47	64972	5255	1	0
16	64972	3173	1	0
19	64972	6941	1	0
21	64972	6826	1	0
23	64972	8197	1	0
26	64972	11005	1	0
23	64972	17317	1	0
19	64972	3780	1	0
32	64972	2780	1	0
49	64972	5827	1	0
6	64972	10496	1	0
5	64972	10427	1	0
34	64972	12325	1	0
39	64972	4892	1	0
12	64972	8246	1	0
39	64972	14027	1	0
21	64972	5451	1	0
33	64972	10537	1	0
20	64972	6834	1	0
1	64972	12953	1	0
41	64972	7419	1	0
40	64972	4415	1	0
8	64972	5067	1	0
34	64972	6000	1	0
34	64972	5592	1	0
22	64972	6867	1	0
32	64972	5824	1	0
43	64972	2746	1	0
36	64972	6957	1	0
33	64972	8061	1	0
16	64972	4836	1	0
7	64972	2496	1	0
45	64972	4195	1	0
35	64972	3305	1	0
28	64972	11314	1	0
46	64972	9324	1	0
33	64972	4336	1	0
20	64972	6632	1	0
23	64972	7922	1	0
24	64972	4033	1	0
48	64972	4792	1	0
24	64972	7457	1	0
17	64972	7968	1	0
24	64972	8745	1	0
30	64972	4028	1	0
36	64972	2828	1	0
24	64972	12760	1	0
42	64972	4681	1	0
30	64972	4705	1	0
26	64972	9435	1	0
16	64972	5532	1	0
26	64972	6649	1	0
34	64972	10324	1	0
13	64972	4382	1	0
48	64972	3674	1	0
46	64972	14094	1	0
10	64972	15946	1	0
43	64972	5647	1	0
14	64972	19975	1	0
45	64972	9986	1	0
17	64972	14092	1	0
3	64972	15606	1	0
30	64972	24007	1	0
8	64972	10499	1	0
12	64972	5188	1	0
28	64972	27898	1	0
43	64972	3873	1	0
14	64972	20697	1	0
44	64972	13364	1	0
3	64972	9338	1	0
38	64972	20311	1	0
35	64972	10689	1	0
4	64972	2846	1	0
46	64972	5423	1	0
20	64972	7428	1	0
43	64972	5392	1	0
43	64972	10968	1	0
47	64972	7432	1	0
27	64972	7971	1	0
3	64972	5416	1	0
43	64972	5391	1	0
17	64972	5623	1	0
40	64972	4923	1	0
49	64972	6375	1	0
45	64972	7068	1	0
48	64972	4423	1	0
28	64972	9817	1	0
49	64972	17919	1	0
13	64972	7668	1	0
28	64972	7652	1	0
34	64972	6318	1	0
13	64972	12376	1	0
29	64972	5507	1	0
22	64972	14719	1	0
11	64972	12264	1	0
50	64972	17328	1	0
11	64972	8442	1	0
22	64972	2187	1	0
34	64972	6207	1	0
3	64972	3709	1	0
29	64972	12425	1	0
50	64972	2959	1	0
10	64972	2743	1	0
6	64972	8523	1	0
47	64972	3874	1	0
44	64972	3884	1	0
15	64972	5386	1	0
28	64972	6426	1	0
22	64972	7777	1	0
10	64972	2993	1	0
6	64972	5773	1	0
17	64972	2888	1	0
18	64972	10853	1	0
30	64972	16793	1	0
32	64972	6585	1	0
12	64972	12952	1	0
46	64972	13688	1	0
16	64972	7331	1	0
18	64972	4371	1	0
31	64972	7546	1	0
29	64972	15300	1	0
25	64972	20176	1	0
11	64972	6907	1	0
12	64972	6723	1	0
49	64972	21964	1	0
39	64972	16220	1	0
13	64972	17286	1	0
29	64972	25417	1	0
25	64972	38292	1	0
20	64972	11442	1	0
5	64972	11877	1	0
34	64972	16775	1	0
23	64972	8001	1	0
9	64972	3558	1	0
22	64972	6182	1	0
36	64972	4147	1	0
49	64972	2339	1	0
34	64972	8619	1	0
24	64972	8385	1	0
35	64972	6896	1	0
33	64972	7846	1	0
26	64972	4075	1	0
14	64972	6310	1	0
22	64972	7146	1	0
10	64972	4362	1	0
31	64972	4729	1	0
5	64972	2215	1	0
43	64972	7424	1	0
6	64972	8596	1	0
15	64972	5613	1	0
21	64972	5572	1	0
25	64972	14656	1	0
2	64972	5753	1	0
4	64972	3128	1	0
19	64972	3806	1	0
11	64972	8390	1	0
5	64972	7232	1	0
37	64972	10595	1	0
31	64972	5799	1	0
42	64972	4343	1	0
20	64972	4164	1	0
33	64972	8168	1	0
1	64972	4988	1	0
40	64972	3766	1	0
32	64972	6719	1	0
25	64972	7676	1	0
11	64972	8408	1	0
50	64972	6473	1	0
20	64972	9005	1	0
32	64972	6598	1	0
25	64972	7556	1	0
6	64972	10654	1	0
45	64972	6663	1	0
18	64972	8169	1	0
12	64972	9127	1	0
20	64972	4874	1	0
14	64972	7087	1	0
5	64972	8019	1	0
50	64972	12922	1	0
47	64972	2710	1	0
38	64972	17512	1	0
40	64972	5623	1	0
30	64972	11375	1	0
21	64972	5056	1	0
32	64972	9730	1	0
33	64972	3689	1	0
27	64972	12089	1	0
5	64972	21401	1	0
50	64972	19305	1	0
47	64972	14092	1	0
37	64972	10050	1	0
31	64972	10811	1	0
3	64972	25850	1	0
29	64972	30566	1	0
42	64972	8936	1	0
32	64972	11256	1	0
35	64972	24267	1	0
4	64972	21417	1	0
6	64972	28420	1	0
45	64972	7430	1	0
5	64972	23352	1	0
37	64972	28716	1	0
31	64972	29915	1	0
27	64972	4663	1	0
35	64972	8161	1	0
33	64972	10111	1	0
8	64972	11101	1	0
42	64972	3878	1	0
36	64972	10701	1	0
32	64972	6898	1	0
35	64972	21909	1	0
23	64972	10144	1	0
16	64972	11500	1	0
19	64972	3267	1	0
41	64972	7713	1	0
40	64972	3709	1	0
36	64972	15192	1	0
21	64972	21211	1	0
35	64972	15914	1	0
48	64972	8728	1	0
4	64972	13772	1	0
18	64972	6288	1	0
10	64972	9686	1	0
44	64972	3594	1	0
7	64972	2075	1	0
45	64972	6774	1	0
18	64972	8280	1	0
42	64972	10324	1	0
32	64972	8140	1	0
48	64972	12964	1	0
26	64972	12326	1	0
27	64972	4048	1	0
45	64972	16991	1	0
1	64972	8598	1	0
17	64972	5647	1	0
20	64972	4192	1	0
29	64972	3899	1	0
41	64972	5815	1	0
31	64972	7086	1	0
36	64972	5733	1	0
35	64972	6457	1	0
11	64972	6583	1	0
43	64972	5952	1	0
32	64972	8155	1	0
33	64972	7114	1	0
8	64972	10105	1	0
34	64972	11038	1	0
22	64972	7313	1	0
23	64972	8967	1	0
49	64972	11338	1	0
5	64972	13400	1	0
13	64972	8766	1	0
31	64972	9818	1	0
2	64972	3408	1	0
31	64972	16201	1	0
41	64972	5289	1	0
22	64972	6270	1	0
11	64972	11815	1	0
23	64972	15509	1	0
28	64972	11348	1	0
45	64972	18426	1	0
42	64972	4410	1	0
32	64972	8226	1	0
48	64972	10050	1	0
8	64972	12175	1	0
28	64972	9013	1	0
14	64972	19727	1	0
6	64972	17729	1	0
34	64972	11878	1	0
18	64972	22832	1	0
38	64972	15344	1	0
40	64972	19454	1	0
32	64972	26407	1	0
26	64972	3892	1	0
45	64972	4981	1	0
34	64972	13122	1	0
2	64972	4601	1	0
28	64972	8325	1	0
45	64972	4403	1	0
5	64972	3328	1	0
48	64972	3440	1	0
2	64972	6816	1	0
45	64972	8048	1	0
21	64972	4015	1	0
30	64972	8491	1	0
49	64972	2783	1	0
44	64972	5580	1	0
29	64972	10695	1	0
35	64972	11189	1	0
42	64972	3635	1	0
45	64972	5927	1	0
13	64972	7536	1	0
30	64972	5352	1	0
25	64972	9554	1	0
18	64972	7127	1	0
23	64972	6964	1	0
2	64972	13299	1	0
12	64972	13314	1	0
39	64972	5600	1	0
50	64972	5611	1	0
1	64972	3664	1	0
48	64972	10957	1	0
50	64972	13451	1	0
44	64972	7555	1	0
45	64972	6031	1	0
23	64972	3811	1	0
47	64972	4945	1	0
10	64972	6635	1	0
6	64972	6415	1	0
39	64972	5540	1	0
23	64972	11773	1	0
2	64972	8595	1	0
17	64972	8380	1	0
28	64972	3887	1	0
33	64972	7903	1	0
46	64972	3192	1	0
44	64972	8365	1	0
45	64972	2841	1	0
42	64972	5831	1	0
15	64972	7149	1	0
15	64972	5725	1	0
30	64972	6595	1	0
50	64972	5456	1	0
47	64972	2243	1	0
11	64972	10261	1	0
23	64972	5955	1	0
26	64972	6763	1	0
10	64972	16634	1	0
43	64972	20335	1	0
14	64972	16159	1	0
17	64972	25275	1	0
37	64972	6341	1	0
13	64972	14035	1	0
41	64972	22501	1	0
5	64972	2582	1	0
34	64972	3480	1	0
35	64972	10036	1	0
35	64972	11605	1	0
8	64972	5843	1	0
36	64972	5722	1	0
46	64972	6409	1	0
7	64972	6484	1	0
19	64972	3298	1	0
29	64972	8409	1	0
35	64972	6903	1	0
14	64972	7064	1	0
8	64972	6852	1	0
6	64972	3174	1	0
16	64972	8745	1	0
31	64972	1959	1	0
24	64972	9836	1	0
36	64972	5326	1	0
49	64972	9518	1	0
4	64972	3354	1	0
17	64972	9471	1	0
3	64972	10985	1	0
21	64972	11475	1	0
1	64972	8678	1	0
25	64972	4104	1	0
6	64972	11701	1	0
28	64972	4757	1	0
18	64972	3787	1	0
22	64972	5674	1	0
18	64972	6060	1	0
44	64972	5778	1	0
12	64972	6597	1	0
43	64972	11711	1	0
42	64972	4818	1	0
5	64972	5483	1	0
18	64972	6747	1	0
22	64972	8633	1	0
40	64972	2355	1	0
6	64972	7759	1	0
38	64972	2218	1	0
30	64972	9367	1	0
28	64972	12128	1	0
39	64972	6770	1	0
9	64972	2986	1	0
2	64972	9814	1	0
14	64972	10697	1	0
45	64972	8707	1	0
1	64972	11314	1	0
36	64972	9339	1	0
26	64972	13968	1	0
43	64972	14954	1	0
14	64972	24282	1	0
45	64972	9292	1	0
17	64972	7399	1	0
21	64972	8827	1	0
32	64972	18501	1	0
8	64972	2749	1	0
14	64972	29241	1	0
18	64972	5756	1	0
19	64972	12485	1	0
42	64972	12386	1	0
14	64972	4824	1	0
1	64972	4440	1	0
25	64972	2871	1	0
36	64972	4025	1	0
49	64972	6217	1	0
4	64972	9053	1	0
5	64972	9986	1	0
13	64972	6353	1	0
12	64972	5188	1	0
37	64972	8458	1	0
13	64972	17152	1	0
50	64972	7236	1	0
6	64972	5214	1	0
30	64972	7101	1	0
32	64972	9894	1	0
26	64972	12379	1	0
31	64972	3029	1	0
41	64972	13118	1	0
12	64972	9171	1	0
45	64972	10388	1	0
13	64972	3997	1	0
41	64972	13463	1	0
42	64972	8602	1	0
32	64972	17418	1	0
33	64972	6377	1	0
23	64972	10852	1	0
8	64972	20854	1	0
20	64972	10730	1	0
15	64972	22822	1	0
37	64972	14420	1	0
1	64972	18111	1	0
3	64972	16103	1	0
21	64972	10592	1	0
35	64972	15295	1	0
48	64972	5109	1	0
34	64972	14597	1	0
44	64972	12704	1	0
28	64972	9672	1	0
49	64972	11774	1	0
34	64972	5054	1	0
12	64972	3401	1	0
26	64972	5603	1	0
46	64972	15623	1	0
17	64972	8246	1	0
40	64972	2549	1	0
11	64972	7088	1	0
23	64972	12269	1	0
8	64972	6270	1	0
46	64972	7135	1	0
10	64972	17987	1	0
6	64972	9767	1	0
18	64972	6281	1	0
1	64972	25948	1	0
9	64972	15646	1	0
38	64972	2895	1	0
41	64972	27693	1	0
33	64972	14339	1	0
15	64972	19132	1	0
47	64972	16464	1	0
37	64972	2422	1	0
20	64972	7591	1	0
16	64972	2672	1	0
37	64972	4381	1	0
14	64972	2167	1	0
34	64972	4317	1	0
29	64972	6960	1	0
43	64972	8798	1	0
32	64972	3001	1	0
43	64972	14922	1	0
21	64972	6013	1	0
27	64972	7796	1	0
8	64972	2964	1	0
21	64972	7724	1	0
32	64972	11398	1	0
50	64972	8014	1	0
36	64972	11548	1	0
25	64972	9650	1	0
12	64972	8613	1	0
46	64972	3350	1	0
43	64972	15316	1	0
5	64972	13362	1	0
34	64972	22260	1	0
16	64972	7271	1	0
28	64972	18928	1	0
20	64972	8942	1	0
45	64972	9511	1	0
15	64972	9520	1	0
50	64972	9658	1	0
44	64972	18762	1	0
24	64972	10001	1	0
22	64972	7230	1	0
21	64972	23075	1	0
32	64972	23750	1	0
23	64972	11995	1	0
49	64972	12366	1	0
45	64972	34058	1	0
5	64972	5981	1	0
34	64972	18879	1	0
18	64972	3834	1	0
9	64972	10654	1	0
29	64972	9646	1	0
42	64972	5016	1	0
28	64972	21800	1	0
49	64972	9902	1	0
17	64972	14640	1	0
39	64972	10645	1	0
47	64972	21442	1	0
1	64972	20400	1	0
9	64972	24098	1	0
46	64972	19969	1	0
27	64972	5672	1	0
4	64972	15758	1	0
1	64972	26894	1	0
44	64972	13913	1	0
29	64972	6027	1	0
35	64972	7522	1	0
46	64972	10055	1	0
27	64972	26758	1	0
14	64972	17847	1	0
